694.62 670.82 650.00 632.46 618.47 608.28 602.08 600.00 602.08 608.28 618.47 632.46 650.00 670.82 694.62
651.92 626.50 604.15 585.23 570.09 559.02 552.27 550.00 552.27 559.02 570.09 585.23 604.15 626.50 651.92
610.33 583.10 559.02 538.52 522.02 509.90 502.49 500.00 502.49 509.90 522.02 538.52 559.02 583.10 610.33
570.09 540.83 514.78 492.44 474.34 460.98 452.77 450.00 452.77 460.98 474.34 492.44 514.78 540.83 570.09
531.51 500.00 471.70 447.21 427.20 412.31 403.11 400.00 403.11 412.31 427.20 447.21 471.70 500.00 531.51
494.97 460.98 430.12 403.11 380.79 364.01 353.55 350.00 353.55 364.01 380.79 403.11 430.12 460.98 494.97
460.98 424.26 390.51 360.56 335.41 316.23 304.14 300.00 304.14 316.23 335.41 360.56 390.51 424.26 460.98
430.12 390.51 353.55 320.16 291.55 269.26 254.95 250.00 254.95 269.26 291.55 320.16 353.55 390.51 430.12
403.11 360.56 320.16 282.84 250.00 223.61 206.16 200.00 206.16 223.61 250.00 282.84 320.16 360.56 403.11
380.79 335.41 291.55 250.00 212.13 180.28 158.11 150.00 158.11 180.28 212.13 250.00 291.55 335.41 380.79
364.01 316.23 269.26 223.61 180.28 141.42 111.80 100.00 111.80 141.42 180.28 223.61 269.26 316.23 364.01
353.55 304.14 254.95 206.16 158.11 111.80 70.71 50.00 70.71 111.80 158.11 206.16 254.95 304.14 353.55
350.00 300.00 250.00 200.00 150.00 100.00 50.00 0.00 50.00 100.00 150.00 200.00 250.00 300.00 350.00
353.55 304.14 254.95 206.16 158.11 111.80 70.71 50.00 70.71 111.80 158.11 206.16 254.95 304.14 353.55
364.01 316.23 269.26 223.61 180.28 141.42 111.80 100.00 111.80 141.42 180.28 223.61 269.26 316.23 364.01
